8.116705307321068208e-01
-1.754026124000006792e+00
4.322197829116175005e-01
-7.569360619203215901e-01
5.398470577373211121e-01
-6.918325501090826224e-01
1.162121768200442773e+00
7.774352853996987500e-01
1.607906982146774411e+00
9.062594131976467460e-02
-4.360117637763450960e-01
-5.949209159819195403e-01
-7.234313181296100348e-01
1.368401263133233847e+00
-4.398716791981570062e-01
1.105016161513591832e+00
3.334019580169684249e-01
-1.261554915072902183e+00
1.419997586789454092e+00
-2.968404911639360710e-01
6.396309609773581650e-02
6.491161069581679044e-01
2.062761227340521031e-01
-1.114187173352366028e-01
-1.150653630233414437e-01
-1.109222796804005956e-01
-1.362391800494960059e-01
7.628378885015236754e-01
4.275593887019839556e-01
-2.671291182723280477e-01
-8.099926456810274678e-01
6.067603918407107333e-01
-5.564672917569757349e-01
-1.334295064342098547e+00
-7.174779378784449380e-01
1.151440295753327847e+00
-3.749159235128559642e-01
6.860694699591992629e-01
-2.093356644431385027e-01
4.736381513227816975e-01
2.813309269425686709e-01
-4.700478463914228300e-01
-1.432256423932939837e+00
-7.903305167319983893e-01
-2.279619857534538607e-01
1.426048459468384877e+00
-5.227335967271649064e-01
9.611150664058745186e-01
6.118292053477237813e-01
-7.681213865264936436e-01
-1.243157046227045592e+00
-1.710070190913770549e-01
1.671000012261059098e+00
8.451950394910726638e-01
-9.921214778451000749e-01
1.017056618635298726e+00
-2.482961050808826009e+00
-5.973912724727830081e-01
-1.072036963371940654e+00
-6.771861306350824838e-01
-9.184439942507144350e-01
1.486272906090145174e+00
-8.269260755996441503e-01
3.740341227612102859e-01
4.381880011466334213e-01
1.796195216548084062e-02
-2.617426543963448093e-01
-1.058151884191028236e+00
-2.154660096497805488e-01
4.352331153484373938e-01
-8.746762409293776241e-02
6.689958373818697401e-01
-1.074884640974086647e+00
5.967747130367704322e-01
3.550687112449961436e-02
8.766236930697046681e-01
1.955101365577777583e+00
-3.793482310143772573e-01
4.857251681863345993e-01
5.939795802819772819e-01
2.002788293130331354e+00
1.481743682454868871e+00
-1.196285102444992310e+00
-8.504973298147220362e-01
1.071232848170394769e+00
-1.140822777646976816e+00
-7.906398355280566115e-01
7.283901548097647671e-01
-1.946983252292967315e+00
2.189156896839427879e-01
4.844974067238491666e-01
-1.180875056108997345e+00
2.501728530495511693e-01
4.566076682727900349e-01
1.415932994824635971e+00
-1.882344311161278372e-01
-7.987518201691726216e-02
-5.746475752516834179e-01
-1.380807160641987830e+00
-1.512943735812943169e+00
-1.386402310201037658e+00
-8.742994673953052853e-01
2.200466632836438063e-01
-2.433405815895815505e-01
2.793637535332249566e-01
-1.496159373548812344e+00
2.626963922897221915e-01
3.861825307853504752e-01
-8.743604958676750583e-01
1.146437509521005399e-01
-4.904954656092355703e-02
2.010958290452732999e+00
-6.261023759463035972e-03
-3.723728366301114479e-01
2.109672415087665009e-01
8.541091169414855022e-02
-4.860038916937451936e-01
6.360899518726623736e-01
-1.690414887643799657e-01
-1.313388448987813095e-01
-4.441564841416477671e-01
5.849792333658300203e-01
7.048391109548207689e-01
-4.507047723659965976e-01
4.457229880968603397e-01
-8.189712167906967322e-01
2.909390088406116348e-01
1.123189287350415233e+00
2.869627526359770364e-01
1.016958929871348616e+00
1.933791409988363741e+00
-4.542621814485371945e-01
1.583875747718170857e-01
1.690467618988547249e+00
-1.105091802563203940e-01
-7.344116416006191139e-01
5.839142075419124778e-01
-7.779315133974051832e-01
8.342904570362028593e-01
5.685235268708012102e-01
4.648302943350930971e-01
-4.074187145313938885e-01
8.330814000255261087e-01
5.036456061555194541e-01
-3.878140771316184732e-01
5.451819820730684496e-01
8.604543116903783373e-01
3.069757622328143087e-01
-1.347578970834066858e+00
-9.073623229251606137e-01
6.278110659388936865e-01
1.083258777712209131e+00
3.252543299108549557e-01
-9.497196342040779005e-01
4.290271822812400937e-01
3.828324430330022343e-01
-1.132025952571955152e+00
-7.387569486196713386e-01
-4.875132744417827735e-01
-4.575396800180047685e-01
-2.067674158351687497e-01
1.327607840969286634e+00
-4.147714217563975847e-01
1.765349239273724224e+00
1.054749684591762549e+00
-2.304357403087483047e-01
2.317691995632991553e+00
-1.171732039339121734e+00
-1.551222588584559636e+00
2.212640464421748110e+00
-6.414577303392626773e-02
4.879235580412782380e-01
1.426005931312070985e-01
-6.618428918478311274e-02
4.396461851294206635e-01
-4.465303764497507988e-02
-9.783600307007821462e-01
2.122337086703941278e+00
-8.510578336448469949e-01
-1.646709170252167898e+00
-1.733338904274255299e+00
-3.003646019241686393e-01
1.510500959922791653e+00
-1.487115709579665823e-01
9.568852383276947871e-01
4.349941197125795078e-01
3.958209254137222688e-01
9.960027953755041796e-01
3.285195771421905997e-01
-1.163336300001111406e-01
1.841965784465775080e+00
-2.293361826545732285e+00
1.318670262837288130e-02
-8.672260644699864018e-01
5.389424730344849479e-01
2.300527978941592888e+00
1.435837378175777834e+00
3.960388192432881538e-02
1.872274035760504440e-01
7.433720677665910381e-01
-1.165065096107642084e+00
-1.938289460141019660e+00
8.188381562227109445e-01
-2.153450352738566775e-01
4.702256982919490458e-01
-2.991348229836783279e-01
-3.634852623781159031e-01
7.176355690162461443e-01
-2.038001859726135956e-01
-9.780533381807961224e-02
-4.030571336736976651e-01
6.268045520135603343e-01
1.190482724539652981e+00
-1.518301543264497733e+00
-2.575878078675142735e+00
-7.675732965142003650e-01
4.776913141837587640e-01
-1.281682602539827576e+00
3.533647541998800046e-01
1.323339978071153666e+00
-2.985472269220012520e-01
7.235492850009352939e-01
-1.008667077601306916e+00
-3.946777816529875027e-01
-1.497063267412428234e+00
5.446447173014152821e-01
4.296155609483940374e-01
-1.172695601973700930e+00
-1.147121929287607589e+00
6.074931279282974605e-01
-4.517890147698778169e-01
-2.008187728743143552e+00
-3.803373837236156962e-01
-9.906637098241761752e-01
2.284903312298824651e-01
-5.156663075686192255e-02
-7.513688798171092031e-01
3.162502492436722878e-01
-5.244043116219606615e-01
7.811634317459904553e-01
-2.506053030323837083e-01
-9.817553632905199335e-01
-4.473911204957128351e-01
-8.267732580885983618e-01
-4.929050092592588417e-01
-5.988528739599346257e-02
4.911502367367002186e-01
-1.237533592765841961e+00
-2.013116210470226264e+00
7.742603442609993225e-01
1.186760225351855436e+00
-1.155618905109817351e+00
7.848994503555403179e-01
1.272938653425520483e+00
-1.188461831759768383e+00
1.898996300107134994e-01
-5.263491658913603821e-01
8.327447187488096203e-01
6.407649844215790313e-01
-5.437457117889110680e-02
8.668042946428404782e-01
1.874040496141493872e-01
3.541713688444395047e-01
1.520577303692507154e-01
-8.384900780520843089e-01
1.892302580099594733e+00
9.845972336409813952e-01
7.500563487509739891e-02
-3.530101388060345458e-01
-2.008156548519221207e+00
3.351198038555863734e-02
2.842219441238443278e-01
-9.570877548615565056e-01
-2.211277998228920738e-01
4.095794440182817797e-02
7.241507801962067115e-01
3.891604675944614344e-01
-6.613848664880243033e-01
1.070298744529033286e+00
-8.553695465790605024e-01
-5.030616714352680319e-01
6.827965675887377461e-01
-2.030777406210149572e+00
2.945676229099851717e-01
1.718671735680638579e-01
-1.874190244134955163e+00
9.812791666851367056e-01
5.429849279754683788e-01
-3.608565979308797633e-01
3.613401945405100291e-01
1.134312724554218388e+00
1.744625420092363433e+00
9.617209722418497142e-01
-1.510659339684912394e+00
6.998748439449631320e-01
-1.673783397380545213e-01
-5.409423573202223334e-01
-2.537017375674700537e-01
-8.828214731881727229e-01
-1.098215530779474536e+00
-8.204730384076419636e-01
2.092426304776354051e+00
2.611076802632735228e-01
-5.678989771766801420e-01
-7.703704396819103239e-01
1.062228410234963005e-01
1.491763176036568384e+00
5.747377711280760026e-01
-8.991348350556800650e-02
6.625269556248823966e-01
-3.964425329774972084e-01
1.636853277456934652e+00
-4.133833814058043288e-01
-5.668520597455392052e-01
-9.890611771115784823e-01
1.177742587181851208e+00
-9.803976508577614268e-01
-5.948593801883456100e-01
-3.137701904248124674e-02
-7.950738301509427952e-01
2.538598750957028471e+00
4.055164208672356607e-01
1.664941507615363081e+00
3.728460082606707138e-01
-1.122918303004244223e+00
-4.843788972853104169e-01
-1.765914736457420808e+00
1.576837525957599240e-01
-1.322732796654394249e+00
-2.051916171970995517e-01
9.780465365368914421e-01
-3.107594178327998877e-02
-2.120407725980837821e+00
-3.955536897763355358e-04
4.295062248931195148e-01
-5.183250794056409871e-01
-1.022253471338464142e-02
8.697025784076203303e-01
-4.231819230023410316e-01
-9.742100592753566435e-02
1.041598402219801711e+00
-3.357926114594190214e-01
1.577044349297270109e+00
3.536554707231115979e-01
1.473293627426160712e-01
-1.241537521146671263e+00
2.769125060911777902e-01
-3.091181114610851988e-01
2.178654984945161743e+00
9.989149086882220807e-01
-3.164119086289479688e-01
-1.175528545475189313e-02
-1.593401517647352883e-01
5.141073837152138060e-01
-1.811477309599904162e+00
2.229250230444403680e-01
3.690948375682325255e-01
-2.878751082222847923e-01
2.608019570977380686e-01
3.518381153961838703e-01
1.166259776320061059e+00
-5.049760360737789305e-02
3.103837743754930822e-01
-8.842956683841395327e-01
-8.850689784867556142e-02
1.043892964243731791e+00
5.422754265494537235e-02
4.306088556535511147e-01
-7.377751942297978704e-01
7.892152509438600250e-01
4.329983243535414084e-01
-4.595875941436828871e-01
-4.533564205443481043e-01
7.453727849019403662e-01
4.351162338819218323e-01
2.605826329984566314e-01
1.374305699074451992e+00
-3.338264303999619043e-01
-1.764677430581967910e+00
-3.620138199791562705e-01
-3.987531984981101951e-01
3.213029661977605533e-01
-3.999167887877973504e-01
-1.041678668012108844e+00
-1.570248897485864714e-01
-2.838674645492210935e+00
-1.403337703341742959e-01
-3.258483114770701627e-01
2.018475193330280693e+00
-1.146701799398106791e+00
1.820735988477466816e-01
-6.760986696298387777e-01
3.997177337617462412e-01
-3.289389201648239558e-01
1.587644624179275432e+00
3.382386978390038990e-01
9.989556541444163940e-02
2.766983496844804824e-01
-7.092889169111544767e-01
-3.586777430488900797e-02
4.150872788553512938e-01
2.884468848050926182e-01
3.274615832873368215e-01
1.065143730508584019e+00
-4.174370432993023128e-01
-9.992748671748623579e-01
-2.923425730166125946e-01
-1.421266804051301014e+00
-5.847779440865218115e-02
-2.256545989927416507e+00
3.242761105754675133e-01
-9.760357429533370044e-02
-3.117535141231482787e-01
-1.806637311372518151e-01
-5.478879284347702994e-01
2.644943361873312582e-01
-7.949211792155246314e-01
-4.324370251271613674e-01
-7.305327197936613282e-02
-1.675985744288949753e-01
-3.998546776592007412e-01
1.123124477420446299e+00
-3.799008662047743679e-01
-1.138637135309327642e+00
2.672070699124705628e-01
-8.353354517487834308e-01
1.469024799890833899e+00
-2.895892739775612901e-01
-2.100377917492368240e+00
-1.481989112971473510e+00
1.623499149175144929e+00
-9.461618997803192821e-01
-8.273992078359972968e-01
-1.616117988275309170e+00
-1.135413542202287740e+00
-1.583876152736029663e+00
7.262046750268400519e-01
6.879518874252700256e-01
1.817907297223700480e+00
-9.520740740244331146e-01
5.805858606032274771e-01
2.642776463323544878e+00
-1.610382099322138050e+00
1.145291289929821321e+00
7.178411988655920561e-01
-8.990622920436437404e-01
5.414984144458210302e-01
5.797077078727714827e-01
-6.956901557137447067e-01
3.604127173079995083e-01
-3.960992475038973004e-01
7.230810076276837917e-01
-7.543592447606159435e-02
-1.100479788046853091e+00
-1.239495297285568398e+00
-1.278429934853114958e+00
-1.155202856269352402e-01
5.833847555841173982e-01
-8.998875394386950388e-01
2.000107451236902367e+00
6.820167111428269147e-01
2.526374840795858612e-01
-7.463482472837330572e-01
-2.097933815385637502e-01
5.573230955908456963e-01
3.842833772924166696e-02
-1.446015104399047457e+00
6.255863177790296215e-01
-3.543629315097713284e-01
-2.975190849702719076e-01
8.958597301011601566e-01
1.666068838345847070e+00
8.911604653202501169e-02
8.615570847766200746e-01
-1.899855310155385002e-02
1.406226136085554634e-01
5.322734350926194846e-01
4.349082569760891470e-01
2.649920649286597318e-01
1.511941497169644322e+00
2.424313481086180500e-01
5.972267910922647305e-01
2.084006852105954266e+00
1.327250272213480020e+00
-3.458873602252121038e-01
-2.172616028047567871e-02
-2.788564667098295313e+00
1.703714194315872454e+00
1.659894024631992093e-01
-6.046046384245288285e-01
-1.506633471946430047e+00
-1.317944111692205045e+00
-1.367807311380572245e-02
-7.114885242578710134e-01
6.258982413241863663e-01
-7.991163590517839088e-01
-3.329738126591452185e-01
-1.343766666210820526e+00
2.115854482757863586e+00
8.857840993529404461e-01
-1.576061417190036895e+00
7.735948346912140394e-01
-5.319619808138460922e-03
7.947177318455577177e-01
-9.132137376045281751e-01
6.463696038559867130e-02
1.968722121116636359e+00
-1.603236148716780773e+00
5.652368464069097431e-01
-9.821674631724135462e-01
-6.779996147244892191e-01
-3.468883637897933192e-01
-1.037842947227314072e+00
1.422336403428240414e+00
-1.242512614666918092e+00
-5.708279569904193412e-02
-5.487427037471234170e-01
-5.691601441240553561e-01
-8.097800278387476958e-01
3.980360862886936912e-01
-7.772044192637443949e-01
-1.528420138686970298e-01
-9.848178450040916132e-02
6.864289629981644714e-01
-2.695274471142194983e-01
-2.525747608051084114e+00
7.837085065354828517e-01
-4.127986163517808338e-01
7.016986832352536396e-01
-1.397137241377457151e-01
1.919374870103285613e-01
-8.874545017375931044e-01
-1.184857905760747787e+00
-7.496005220764808685e-01
-7.387270737005011134e-02
3.235398163819263040e+00
-7.800475331883088836e-02
8.038355907200047668e-01
-2.343541037993971621e+00
8.489844422311542127e-01
1.494357001862223422e+00
-2.053735733216772996e-01
1.859109210264588696e-01
2.779772777166201969e+00
3.916704258905661651e-01
5.368941171715093663e-01
-7.996836460681538972e-01
-1.415141663439757336e+00
-1.623693468693298891e+00
4.126936223180432961e-01
2.870301317193235224e+00
5.719723057626823204e-01
-3.371255809895208344e-01
-1.101708989134316585e+00
-1.068605710038021517e+00
8.068726862054627080e-01
1.196605148333559576e+00
1.065620895342486441e-01
-7.210900496465718623e-01
-5.400759902334412166e-01
2.751213857605632751e-01
-2.984448510484422612e-01
1.174986218246547143e+00
1.215789915857499404e+00
-1.656982965568684074e+00
-7.522535000380877745e-01
-4.622536366386156281e-01
1.291605332038076925e+00
-6.473384599510002835e-02
-3.038567088861299781e-01
1.043776077997647933e+00
3.682750698853129445e-01
5.957052775272780876e-01
-4.297753175295651040e-01
-6.223616921729983043e-01
4.778921640965684281e-01
-1.114155035774462510e+00
3.190828626786764155e-01
1.287858478928528339e+00
1.111107650307149974e+00
-1.651579299029967807e+00
1.496283120460291993e+00
-1.276427052519227834e+00
1.287236208221696154e+00
3.396472110660256338e-01
-8.891842879169943314e-01
6.687571548477403427e-01
-3.532491278787430189e-01
-1.691772487651560075e+00
8.380549385592260814e-01
-1.137810411948502631e+00
5.357978584547495871e-01
8.765478539366318433e-02
2.802090288914411143e-01
-3.660990615183430941e-01
1.042123949570459063e+00
-2.613832306347629864e+00
-3.542743313975389718e-02
-7.722309173695252049e-01
-3.514840080255913768e-01
1.850609414966761346e+00
-6.074843205172313354e-01
1.063832144426794857e+00
-8.537168333957216582e-02
-5.376084870447278563e-01
8.815862753427166076e-01
-5.747430321303371725e-01
1.010176028987862962e+00
-4.591709962399249251e-02
6.354278123160844727e-02
-1.067465870940749628e+00
1.252966663992973517e+00
-5.153673098925380947e-01
-8.237736121114833110e-02
-1.049667852882260471e-01
1.784802364579844536e+00
-1.162641623886022213e+00
-4.121680409353182806e-01
-5.758581528281001560e-01
-1.075488451924193622e+00
6.704350335562867524e-01
1.118864142086145375e+00
1.508407757531697202e+00
1.007968823726519636e+00
2.430914323088463336e-01
7.470712164821060597e-01
-2.722111927607075543e+00
-2.246968544116872746e+00
-7.221910022894315606e-01
7.654411137538319476e-01
7.816286432199013312e-01
5.848102498515662662e-01
-1.074872022816211886e-01
-2.597380029065495810e-01
-3.231522769981606813e-01
8.806166945132380963e-01
1.390692818539514652e+00
1.425841487229724258e+00
8.569182571774096591e-01
1.698949710743580255e+00
-1.855207262228391496e+00
-4.913777773319347730e-01
-5.412519234454783446e-01
8.699241372527983795e-01
1.463994727090389136e-01
-1.746793353365988510e-01
7.000158287544137048e-01
4.867146308219663098e-01
-2.040553380462756472e+00
1.468062065757910206e+00
5.624880581816005254e-01
-1.077423164987867832e+00
-1.311148631863397362e+00
5.319694462630173565e-02
6.144704126702376090e-01
4.197322407798225741e-01
-7.237732852042130238e-01
3.551202249843283809e-01
-6.310831021057651535e-02
-4.089756654014569670e-01
6.140620911730945153e-01
-6.267215058280919404e-01
-1.553910910167877413e+00
7.935418202638206964e-01
2.574485895883887321e-01
-2.084245799194614612e+00
-4.938627168145273694e-01
1.266127978694540634e-01
-1.084965507080653646e+00
-1.693022312445855992e-01
4.344823976059550841e-01
-8.525715570276196087e-02
-2.842387326274394277e-01
-1.076991090512243066e+00
9.603240584078241715e-02
-2.454155423791561375e-01
-1.690353452598377215e+00
1.042563180701339354e+00
-1.348878541965014277e-01
1.370796053541790682e-01
3.703607948207698897e-01
8.744695593569589143e-01
1.171025393475850551e+00
-1.068303437816211371e-01
-1.356291570310680816e+00
2.010573265524102204e+00
-1.322801837582300299e+00
2.961755666030218767e-02
1.622385257004133274e+00
1.173554598995685705e+00
5.017283332064272766e-02
-1.979404873409562615e-01
-4.446770192070848005e-01
3.048826176127178433e-01
-1.040173937359525347e+00
1.407307220879809306e-01
1.239374901979495736e+00
2.328802157368735637e-01
-8.927174477868341507e-01
5.755690700445936780e-01
-5.429901993102623781e-01
-4.598891379087172160e-01
-6.589167048495688794e-01
4.812487770430950301e-02
9.574791196679500738e-01
-4.428183422608853448e-01
-5.794517348056084094e-01
-7.901414564281027120e-02
-1.033010395676287496e+00
5.010296966786963457e-01
-1.376766291815810339e+00
3.607068852615822330e-01
-9.406936768712622632e-01
8.086161408253120797e-01
2.522920218404088866e-01
1.058688925970612038e+00
-7.312536322628444829e-02
6.401631756732419909e-01
-9.388569756196952776e-01
-1.804473822136679617e+00
-4.412227251998355193e-01
4.625506743985548508e-01
-1.347933382186265350e+00
-6.828556293182217463e-01
6.270746395958627373e-01
-1.088434167240032391e+00
-1.341449064428476889e+00
-2.787537418221120236e-02
1.268173728851604398e+00
-1.435998606807055433e-01
-3.380729716704252569e-02
2.143796910922807775e-01
6.807435276453124295e-01
-2.126375473558440365e+00
8.821095830387184478e-01
1.189970843519338045e-01
-3.953737006673638810e-01
1.246982008924805568e-01
1.399935560583703165e+00
4.035166049645131925e-01
-6.462854151597063890e-01
3.880268118559730972e-01
9.676700395282575654e-03
-1.881333197316372052e+00
-1.704579012480726408e-01
-3.981666535448062372e-01
1.600767925224744204e-01
6.814440475275254094e-01
-1.423313084736523626e+00
5.746681977808624220e-01
3.292249196239311476e-02
-1.654627328888101490e+00
1.361852007256297625e+00
1.342059244460435785e+00
7.703657276152628963e-01
-2.956170725183531744e-01
1.259191832126254518e+00
1.874273225362766970e-01
4.322831921547826139e-01
-8.866572404496765314e-01
1.405571537496065782e+00
-1.297446848911265382e+00
-2.187455102941552987e+00
5.593878331468410403e-01
2.726737615468768361e-01
1.826356793099851661e+00
-4.250501917068191249e-01
-1.127300111344640698e-01
1.230472579971587432e+00
-9.742282066281467978e-01
1.394990813656742823e+00
-8.657898137011198481e-01
3.674321162853672051e-01
-5.926957259991958438e-01
-2.026630504513315056e+00
2.850320722732481382e+00
-3.751433225051460374e-01
-2.754308498933860094e-01
-5.616760024826340514e-01
-1.412614685607860743e+00
-9.328566640167385016e-01
6.250661314000012236e-01
-2.384358525894909320e-01
8.842556495335536226e-01
-1.194587609428838570e+00
-1.024003582105637467e+00
-1.063456330451570508e+00
4.053181481023505062e-01
-1.535082232705277661e-01
7.246953474330170009e-01
-1.307241739297712479e+00
-9.405110434371798389e-01
1.225444028270824326e+00
-8.661548609017598599e-01
1.537078036318639596e+00
1.591239117577730178e-01
-1.310063858397982672e+00
7.099307815236449715e-01
-5.034218899959456150e-01
-7.710677780957876370e-01
9.631138053625554196e-01
1.204753336367551997e+00
-3.634755683158928941e-01
2.143607145262292069e-01
-1.780256146727485569e-02
-5.751539527069722268e-01
5.416367650037852144e-01
-8.796574427250787309e-01
1.964089489786951526e-01
-4.691415940223392367e-01
-1.403967515830606194e+00
4.496312332905898906e-02
1.248497340695147617e+00
8.776178313926825680e-01
4.427698775390444541e-01
-1.279416954411897456e-01
1.170401466243564004e+00
8.436330529548380364e-02
-1.816116176525784720e+00
-3.147714776310329976e-02
-2.817162095865025084e-01
1.289338030884643882e-01
7.736045409659254857e-02
-3.733918408663240429e-01
7.185872249771839415e-02
-1.085617363360658200e-01
-1.693143979037536440e+00
-9.347732612955634846e-01
-4.702585959308897556e-01
7.830506168937345635e-01
7.223485438990412399e-01
1.086072683780742176e+00
-2.449757462581678424e-01
1.007910193539813815e+00
9.988812461680995902e-01
3.708208349780260926e-01
-4.786943077891519516e-01
1.392576458918071136e-01
2.222904983042168325e+00
-1.026630686655390035e+00
-1.350488263703798486e+00
6.369148735839813558e-01
2.267118977786561698e-02
-9.755942917151540217e-02
-2.240706245856063816e+00
-6.013446255555007225e-01
2.536644045083864540e-01
6.116818111121954255e-02
-2.225893601743508532e-01
-1.114429191757277282e+00
6.178451153037685106e-01
3.666968214746000321e+00
5.107491787256452920e-01
-5.021503597478228498e-01
5.201024681515820092e-01
-5.863947776720088156e-02
-8.236499205808556212e-01
1.339907106550448201e+00
-1.573711930198316455e+00
7.599372161386348523e-01
7.773780127621271463e-01
-2.531525253613510440e+00
-2.298955561179559862e-02
1.315866765195197186e+00
1.345683627624083112e+00
-5.159125768053353100e-01
-6.883286643509257952e-02
1.007903839206107516e-01
2.395983068804808269e+00
3.440450983581001543e-01
2.382014322075280688e-01
9.846531387911809929e-01
-9.962515390393716919e-01
3.399782064579413010e-01
-3.829694311664379458e-01
-1.317487675806646941e+00
6.997672335112896658e-01
-1.026159023302403606e+00
5.183247002471472742e-01
3.453657171027511574e-01
5.448810092122291504e-01
-3.940853140421706757e-01
-8.922547947793605383e-01
4.614211037730048814e-01
6.800449601742570849e-01
-2.720443812623903890e-01
2.712867631226665299e-01
6.123338748760581707e-01
-2.780752381562835440e-01
2.047298238870874365e-01
-4.941667926119237553e-01
9.333296260406395706e-03
5.865193575086417171e-02
1.070647124300747377e+00
-1.417598394161395381e-01
-7.892265399710916007e-01
-1.164330923991149458e+00
9.252222871223226841e-01
-4.133033067515397563e-01
1.170622086150329838e-01
-2.553320546556129330e-03
6.533632000384658189e-01
-1.939248715798752798e+00
-2.629137035633392072e-01
3.208006415758721808e+00
7.104076724666367193e-01
-1.716411650657484245e+00
2.302829660400376455e-01
-1.864605657971678099e+00
1.056151343629705697e-01
-6.928132417693453338e-01
1.581636608484994877e+00
-2.826127391223757224e-01
5.901557538180017826e-01
8.039480696950077609e-01
1.354909965298942975e-01
2.218918119922670407e-01
2.470114062642488617e-01
4.122160387023028338e-01
2.000590645339587414e+00
-1.326806747390074870e+00
7.335124266367727408e-01
6.452628657232180043e-01
5.977647233466609755e-01
-1.540078251506000508e-02
-1.404507251386181710e-01
2.747313074133712618e-01
-8.439785670745467705e-01
-1.557301366299603584e+00
1.548887782784513223e-01
4.301262773615793095e-03
1.145238995031292006e+00
4.643494329796201692e-01
8.251013490385822324e-01
-6.744685125330837083e-01
7.587077750869735127e-01
1.044504652044017101e+00
-6.758057274479355447e-01
-7.879150204838480942e-01
-2.121179762776128186e+00
-2.195626367261390932e+00
-3.850699592152501127e-01
-1.074007660863602887e+00
6.629165016300401225e-01
8.879347253567239362e-02
1.449832044288534183e+00
5.531215085681675386e-02
1.519005377153938241e+00
-5.062681170778218220e-01
5.373137716482560000e-01
-3.845318239108010128e-02
5.039781621875100148e-01
5.133095652819675836e-01
6.128047221539062450e-01
-5.104010612250807766e-01
5.350136032935638025e-02
1.063342530295046551e+00
-5.359230657960305233e-02
-6.559868287778077844e-01
-6.603068436052041967e-01
4.430809568587497638e-01
9.989913318132738196e-01
1.499354607235360015e-01
1.455053535884414662e-01
1.403671792996350920e+00
1.578223075304779066e-01
1.625643558772095487e-01
1.103314596152121130e+00
-5.318589558922506288e-01
5.449171542684898562e-01
-1.262940730669083189e+00
-2.818431656155793164e+00
-6.114554717216504898e-01
1.074935013265408301e+00
1.266358384767978240e+00
-1.086027632884340122e+00
-4.971927832181105011e-01
1.486852012475707585e-01
1.651037954158819598e+00
-5.942915139001988395e-02
2.022526633978984634e-01
1.001054908244222164e+00
-3.632431067378715794e-01
-4.037068477472171013e-01
2.094131914299163899e+00
1.220614997612076591e+00
1.262867425553189094e+00
8.518343017896008451e-01
1.723680503076172377e+00
-7.901156202758359559e-02
1.042112721275500364e+00
-1.411128644748551375e+00
1.257259340071964715e+00
7.986804559170354034e-01
-1.326006400035506072e+00
-1.712644959434248548e-01
-1.002868724165401737e+00
9.487179002087646751e-01
6.754106991017299055e-01
6.417475139085319080e-01
